prnu_redmi_natFBL = 648×1040    
    0.0385    0.0281    0.0202    0.0199    0.0213    0.0207    0.0196    0.0201    0.0207    0.0184    0.0173    0.0206    0.0194    0.0178    0.0190    0.0175    0.0198    0.0188    0.0216    0.0205    0.0207    0.0239    0.0232    0.0209    0.0215    0.0208    0.0224    0.0207    0.0198    0.0208    0.0222    0.0202    0.0226    0.0226    0.0205    0.0195    0.0200    0.0203    0.0224    0.0200    0.0188    0.0200    0.0194    0.0190    0.0209    0.0213    0.0197    0.0185    0.0203    0.0214
    0.0274    0.0199    0.0121    0.0120    0.0125    0.0157    0.0137    0.0112    0.0153    0.0152    0.0130    0.0122    0.0109    0.0130    0.0146    0.0137    0.0108    0.0099    0.0128    0.0136    0.0144    0.0111    0.0115    0.0148    0.0154    0.0127    0.0137    0.0137    0.0129    0.0124    0.0121    0.0123    0.0140    0.0106    0.0113    0.0142    0.0123    0.0112    0.0124    0.0113    0.0114    0.0123    0.0122    0.0130    0.0140    0.0126    0.0143    0.0155    0.0115    0.0126
    0.0232    0.0132   -0.0001   -0.0042   -0.0013    0.0024   -0.0036   -0.0041   -0.0010    0.0046    0.0024   -0.0015   -0.0044    0.0002    0.0063    0.0067    0.0007   -0.0008   -0.0004   -0.0045   -0.0030    0.0001   -0.0008    0.0040    0.0009   -0.0042   -0.0028   -0.0012   -0.0015   -0.0044   -0.0025   -0.0021   -0.0015    0.0005   -0.0039   -0.0022   -0.0034    0.0041    0.0019   -0.0028   -0.0067   -0.0016    0.0025   -0.0001    0.0005   -0.0011   -0.0008    0.0053    0.0022    0.0003
    0.0219    0.0130   -0.0020   -0.0065   -0.0043   -0.0025    0.0016   -0.0009    0.0014    0.0009    0.0013    0.0030    0.0004   -0.0037   -0.0042    0.0076    0.0001    0.0006   -0.0034   -0.0042   -0.0027   -0.0012   -0.0004    0.0048    0.0004   -0.0019   -0.0034    0.0034    0.0062    0.0006   -0.0009    0.0024   -0.0008    0.0012    0.0043   -0.0020   -0.0013    0.0004    0.0043    0.0041    0.0008    0.0019   -0.0003    0.0050    0.0060   -0.0021   -0.0030   -0.0015    0.0043    0.0030
    0.0229    0.0128    0.0017   -0.0023    0.0016    0.0019    0.0001   -0.0005    0.0009   -0.0023   -0.0005   -0.0014    0.0042    0.0032   -0.0053    0.0028    0.0010   -0.0017    0.0023   -0.0028   -0.0095   -0.0031   -0.0032    0.0001    0.0045   -0.0029   -0.0081   -0.0018   -0.0032    0.0011   -0.0019    0.0004    0.0004    0.0010   -0.0006   -0.0065   -0.0024    0.0012   -0.0017    0.0005    0.0009   -0.0047   -0.0014    0.0008   -0.0047    0.0009   -0.0051   -0.0006    0.0014   -0.0027
    0.0197    0.0125    0.0020   -0.0025   -0.0015    0.0003   -0.0041   -0.0010   -0.0048   -0.0027    0.0011    0.0029    0.0050   -0.0018   -0.0053   -0.0073   -0.0047   -0.0026    0.0035    0.0018   -0.0047   -0.0047    0.0010    0.0008    0.0012   -0.0003   -0.0016    0.0025   -0.0038   -0.0051   -0.0020    0.0021    0.0007    0.0006    0.0056    0.0032   -0.0040    0.0000    0.0003   -0.0003    0.0035   -0.0004   -0.0031   -0.0007   -0.0024    0.0006   -0.0050    0.0040    0.0038    0.0010
    0.0210    0.0134    0.0075    0.0046    0.0035   -0.0002   -0.0058   -0.0008   -0.0023    0.0002    0.0031    0.0018    0.0007    0.0023    0.0009   -0.0055   -0.0060   -0.0029   -0.0018    0.0019    0.0007   -0.0046   -0.0026    0.0001    0.0011    0.0007   -0.0022    0.0077   -0.0020    0.0015    0.0001    0.0020    0.0031    0.0051    0.0034   -0.0010   -0.0045   -0.0037   -0.0038   -0.0039   -0.0007    0.0017   -0.0005    0.0031    0.0042    0.0013   -0.0021    0.0024    0.0032   -0.0025
    0.0196    0.0121    0.0054    0.0020    0.0074    0.0034    0.0011    0.0070    0.0012   -0.0069   -0.0046   -0.0005    0.0077    0.0020   -0.0005    0.0057    0.0037    0.0005    0.0012    0.0036   -0.0064    0.0018    0.0002    0.0026    0.0060    0.0026   -0.0076   -0.0037   -0.0069   -0.0053   -0.0003   -0.0032   -0.0016    0.0055    0.0046    0.0053    0.0030    0.0047   -0.0031   -0.0023   -0.0044   -0.0022   -0.0003   -0.0017    0.0032    0.0064   -0.0000   -0.0042   -0.0064   -0.0027
    0.0202    0.0117    0.0013    0.0009    0.0014   -0.0005   -0.0042   -0.0007    0.0046   -0.0023    0.0038    0.0010   -0.0023    0.0007    0.0023    0.0072    0.0055    0.0003    0.0006    0.0024    0.0010    0.0024   -0.0026   -0.0004    0.0031    0.0034   -0.0002   -0.0020   -0.0084   -0.0058    0.0002    0.0016   -0.0029    0.0012    0.0057    0.0080    0.0077    0.0040    0.0048    0.0014   -0.0022   -0.0040    0.0003    0.0015   -0.0024    0.0022   -0.0045   -0.0032    0.0010   -0.0018
    0.0191    0.0096   -0.0061   -0.0051   -0.0016    0.0045   -0.0050   -0.0055    0.0016   -0.0023   -0.0036    0.0034   -0.0028   -0.0046   -0.0111   -0.0015    0.0055    0.0017    0.0011   -0.0041    0.0012    0.0000    0.0032    0.0003   -0.0027    0.0026   -0.0001   -0.0047   -0.0039   -0.0045    0.0038   -0.0005   -0.0026    0.0012   -0.0033   -0.0049    0.0002   -0.0010   -0.0037   -0.0021   -0.0017   -0.0034   -0.0035    0.0066   -0.0005   -0.0031   -0.0035   -0.0009    0.0029    0.0028
